2333
   1    15  1.2294926054936136e+02
   1    43  9.8713458778566888e+01
   1   102  5.9605336606471838e+01
   1   126  1.3890268889853238e+02
   1   141  9.7261101231923689e+01
   1   282  1.5027499457550138e+02
   1   308  1.4323706607728721e+02
   1   421  7.8042016746665837e+01
   1   458  1.0217893827603544e+02
   2     9  1.6036449277312693e+02
   2    13  1.0294256348737593e+02
   2   114  1.2335844030352798e+02
   2   132  8.1991451520318734e+01
   2   141  1.0802134723962622e+02
   2   158  8.4033963500257229e+01
   2   167  8.7230244612244149e+01
   2   276  2.9565425955462551e+01
   2   391  3.0014972680165773e+01
   3    35  6.2250609917110182e+01
   3   101  8.0211031762323174e+01
   3   115  1.4628426270016297e+02
   3   186  1.1517030345178625e+02
   3   228  7.7245130222508081e+01
   3   241  9.6847872218811958e+01
   3   265  9.0289464136523335e+01
   3   408  2.9302200871884560e+02
   3   461  1.5593591680875400e+02
   4    57  1.6144863987579393e+02
   4    85  1.3005674373534964e+02
   4   215  1.4563651796184467e+02
   4   225  1.4315167690639058e+02
   4   359  1.7218420076811603e+02
   4   386  1.7284077496512873e+02
   4   434  1.3777901606632039e+02
   4   470  2.0455343970599444e+01
   5    59  1.3420578338791020e+02
   5    90  1.2907835103770054e+02
   5   257  1.0161210063374443e+02
   5   286  5.9549938908630082e+01
   5   403  1.3825693063283512e+02
   5   412  1.3403055686363723e+02
   5   433  5.6794600360918523e+01
   5   480  1.2331203326665808e+02
   6    32  1.4088810617713585e+02
   6    92  1.0500450844282440e+02
   6   136  7.7126513005341849e+01
   6   146  1.4589038262723400e+02
   6   175  1.4428076919558879e+02
   6   236  1.3590360791012873e+02
   6   244  1.8923710946762995e+02
   6   304  5.5116759920646032e+01
   6   369  1.1836317738385092e+02
   6   402  1.0264879193623221e+02
   6   460  2.0637591894001352e+02
   6   475  8.9523250465930658e+01
   7    72  5.2006985302000110e+01
   7   103  6.8552206574343899e+01
   7   107  1.2553276427785725e+02
   7   129  1.0498727936479943e+02
   7   171  8.8926023053184949e+01
   7   211  1.7166524839540858e+02
   7   214  1.5316054120075734e+02
   7   345  5.2641697560085305e+01
   7   437  2.2666831592458188e+01
   7   457  9.2073621390100499e+01
   7   474  2.3071052321812068e+01
   8    83  1.3831040101657592e+02
   8   104  1.0861748834848244e+02
   8   142  1.5357830001971524e+02
   8   144  9.1260514873221936e+01
   8   198  7.2413616990811690e+01
   8   330  1.6234441994433695e+02
   8   347  9.8420533019743658e+01
   8   417  8.5800587926422580e+01
   8   478  1.3631657689094541e+02
   9    13  1.2884721129680048e+02
   9    75  9.9273520085679976e+01
   9   114  8.8339029805452483e+01
   9   158  1.2144262915625725e+02
   9   245  9.4770728367883038e+01
   9   251  4.8123822296724583e+01
   9   276  1.4238233249955940e+02
  10    12  1.9641870269345279e+01
  10    95  1.0001421797434510e+02
  10   122  1.0682740735366603e+02
  10   154  4.1038061112567796e+01
  10   167  1.5553288144186456e+02
  10   168  1.7620690400562093e+01
  10   350  4.8652058914320712e+01
  10   368  1.1904257354907998e+02
  11    91  1.6489954315492815e+02
  11    96  1.1352167023341447e+02
  11   105  7.7827146741257579e+01
  11   224  7.1028023468226678e+01
  11   235  1.3277179189078043e+02
  11   291  5.1530032010886650e+01
  11   310  7.8484078576986050e+01
  11   320  1.1713874647065043e+02
  11   376  7.8779255296611780e+01
  11   419  1.0771744019069300e+02
  11   464  4.0540182994942924e+01
  12    95  9.6343077397011129e+01
  12   122  1.2387550707029470e+02
  12   154  5.7014629685125705e+01
  12   167  1.7427793890440961e+02
  12   168  3.2126993018796441e+01
  12   350  2.9817008546878572e+01
  12   368  1.0069594591876282e+02
  13   122  8.4732199094016849e+01
  13   132  1.1958002319237396e+02
  13   158  1.4513789557807632e+02
  13   167  5.1901667562515172e+01
  13   251  1.7605532939504792e+02
  13   276  1.1265465987902890e+02
  13   391  1.0444304482961680e+02
  14    46  6.8339327537769108e+01
  14   104  9.9134752457288357e+01
  14   180  7.0567003145023151e+01
  14   181  1.2776118116148527e+02
  14   213  4.0422929601149363e+01
  14   295  2.8087368704675487e+01
  14   347  1.3560314776145268e+02
  14   367  1.1450705896497773e+02
  14   375  7.6851978866762076e+00
  14   417  1.1615827690023463e+02
  14   428  9.3950755242422048e+01
  14   455  6.1148028665867706e+01
  14   459  8.7252718742155864e+01
  15    36  8.8410589038389858e+01
  15    43  1.4495601492951337e+02
  15   102  7.7067142657835049e+01
  15   141  1.2116822519824655e+02
  15   282  1.3156042446710333e+02
  15   446  1.2488783383016985e+02
  15   458  4.8152888027939170e+01
  15   498  1.7008554310007531e+02
  16   112  1.1637242475103464e+02
  16   133  1.5326986755220145e+02
  16   171  2.0711587771143979e+02
  16   184  1.5141851420123780e+02
  16   211  1.3213562485206319e+02
  16   214  1.7758121646728165e+02
  16   228  1.8748766903616166e+02
  16   265  1.9706469069271290e+02
  16   408  2.1765334558644079e+02
  17    42  1.5916185750786110e+02
  17    47  6.7789596935814757e+01
  17   151  1.4460307114717915e+02
  17   227  3.9363911452552728e+01
  17   326  5.1979339806060274e+01
  17   332  1.3511782677212568e+02
  17   388  1.6868275420611809e+02
  17   413  1.1851002266307898e+02
  17   450  1.1191253702941565e+02
  18    20  1.2159093720543474e+02
  18   153  1.2894813072887774e+02
  18   191  6.2539558884784810e+01
  18   206  1.5001758706877578e+02
  18   226  1.8952116477105514e+02
  18   262  6.8917159931624411e+01
  18   263  5.0111585123337356e+01
  18   297  1.4206129043156403e+02
  18   334  1.3705034343016527e+02
  18   341  7.2952336457617065e+01
  18   370  1.2990225259741530e+02
  18   432  1.7202130868425166e+02
  18   451  1.1554440497198445e+02
  19    94  5.9239942907101117e+01
  19   125  7.2581310891530080e+01
  19   161  3.7178390204818861e+01
  19   173  5.8519529740325957e+01
  19   178  1.6707416046754392e+02
  19   192  1.6103119075894494e+02
  19   289  2.8303333846777100e+01
  19   324  5.1182152247440200e+01
  19   370  1.3307464183959516e+02
  19   444  1.0464267304794475e+02
  19   456  9.8238168549243355e+01
  20   153  1.2102875957932127e+02
  20   191  1.5302414683221772e+02
  20   263  9.8655898936303160e+01
  20   297  4.2641060558882614e+01
  20   334  8.8856182923519398e+01
  20   341  9.8646416586732656e+01
  20   432  8.4502048620979238e+01
  21    37  8.1279789275185649e+01
  21    48  7.7959194323713263e+01
  21    52  5.1832153639832775e+01
  21    64  9.0719139158701495e+01
  21   356  1.6744326760216782e+02
  21   407  3.4697864641494576e+01
  21   412  4.6541703223565008e+01
  21   438  1.1135042240715249e+02
  21   468  1.6670368045054909e+02
  21   489  1.0073836029849993e+02
  22    34  1.6527190489815106e+02
  22    40  1.4338145472701629e+02
  22    55  1.6701344656466128e+02
  22    91  1.8925552670736107e+02
  22   160  1.5111687064975672e+02
  22   190  1.3477133284192789e+02
  22   409  1.1364255601024371e+02
  22   488  1.7734757255519040e+02
  23    73  1.0348443543738288e+02
  23   203  8.3226228958324953e+01
  23   222  1.4901436773155427e+02
  23   225  1.2659038054413728e+02
  23   307  9.6518437470229244e+01
  23   318  4.8109072223005633e+01
  23   385  1.0861161405408863e+02
  23   430  1.3749094788866526e+02
  23   498  1.5962394835052851e+02
  24    39  5.5074114772278584e+01
  24    65  8.6907236624986396e+01
  24   118  3.0150285847032143e+02
  24   260  1.0805752040342456e+02
  24   277  1.0949345156554971e+02
  24   285  6.7370931508851868e+01
  24   288  1.5560117975081420e+02
  24   313  9.6632896385401423e+01
  24   342  4.9976433967749337e+01
  24   348  2.0559270916130625e+01
  24   484  2.3633990774349343e+01
  25    49  1.3455336148281754e+02
  25    53  1.2068352626501512e+02
  25   142  1.1342968289103172e+02
  25   177  1.2350732217987812e+02
  25   275  8.7511740320175264e+01
  25   287  1.2853970459172959e+02
  25   330  1.0533756402411794e+02
  25   344  1.2789175109758681e+02
  25   364  4.0831548945256785e+01
  25   406  1.2009731665181057e+02
  26    61  1.0032044213130352e+02
  26    87  4.6561857064127935e+01
  26    88  1.0750657923728970e+02
  26   234  1.1730180770199497e+02
  26   264  7.7603880440760079e+01
  26   309  8.4099970396671267e+01
  26   414  1.2753468097949339e+02
  26   462  8.5801436910887816e+01
  26   493  4.2405741947223106e+01
  27   110  1.3520312188924657e+02
  27   130  1.5082410439337798e+02
  27   183  1.4485963240684995e+02
  27   185  1.5274784176334202e+02
  27   352  8.4086962207836621e+01
  27   415  1.3305423656276108e+02
  27   436  1.4241238539487711e+02
  27   472  4.8354612293922244e+01
  27   497  2.0086071764492760e+02
  28    80  1.6570457576710214e+02
  28   103  1.8355717169924421e+02
  28   164  1.9900391658925872e+02
  28   193  2.0071241863840473e+02
  28   300  1.6856034671505716e+02
  28   401  6.8434144631435686e+01
  28   453  2.1042911501635166e+02
  28   457  1.4474327589897155e+02
  29   302  1.3107834304528396e+02
  29   329  7.3901511699688783e+01
  29   353  2.3564628729853847e+01
  29   383  9.0308590163091935e+01
  29   439  1.2522826639139730e+02
  29   447  5.6554423583757263e+01
  29   480  1.3301453530077248e+02
  29   482  8.7101107188049511e+01
  30    60  1.5689846933210228e+02
  30   136  7.8938202363034620e+01
  30   140  1.5050205623894007e+02
  30   148  1.4377987341110529e+02
  30   149  4.0554401745834902e+01
  30   236  1.4064141907038942e+02
  30   338  1.0899087222790105e+02
  30   369  4.0094192056660226e+01
  30   399  5.8000745845996640e+01
  31    49  1.8194419182008236e+01
  31    53  1.0508742741377932e+02
  31   124  1.5011105258521007e+02
  31   234  8.0667594534576494e+01
  31   274  1.5663406388249891e+02
  31   309  1.1069721828390584e+02
  31   406  2.7279250078190273e+01
  31   443  1.2180488432063872e+02
  31   462  1.0931885685753858e+02
  31   486  3.8440960028385973e+01
  32    92  4.4906373155367568e+01
  32    99  1.1472411795184948e+02
  32   146  1.2504678050769439e+02
  32   174  1.0188620096037353e+02
  32   244  8.0301446786542087e+01
  32   304  8.5849044707251267e+01
  32   448  5.1106488863089133e+01
  32   460  1.1478343189290057e+02
  33   113  9.5999981813530155e+01
  33   134  1.1247560846106821e+02
  33   147  1.0302642081341708e+02
  33   212  5.6714524566741552e+01
  33   235  1.3226538593574330e+02
  33   237  1.4894850327653126e+02
  33   266  3.4442565180033924e+01
  33   292  1.0922202033982950e+02
  33   331  8.7214974256890216e+01
  33   424  1.4711629441733760e+02
  34    40  3.1202758615257409e+01
  34    91  5.9830166698933766e+01
  34    96  1.8163977126125874e+02
  34   119  1.0932998511453224e+02
  34   261  2.0215628003661652e+02
  34   376  1.4889049809371349e+02
  34   419  1.1891699230196751e+02
  35   101  1.3176184949562895e+02
  35   115  1.6281590421894467e+02
  35   186  1.7281482247733317e+02
  35   228  9.2365762449246347e+01
  35   241  7.1484182887125925e+01
  35   265  8.8046625984894277e+01
  35   294  1.8496206323430957e+02
  35   408  2.7455831996026825e+02
  36   141  1.4727476860382302e+02
  36   158  1.5582521010542180e+02
  36   363  1.3428501790708995e+02
  36   430  1.5198706580118764e+02
  36   446  9.6123545298747345e+01
  36   458  1.3621408925914369e+02
  36   498  8.3938011105736479e+01
  37    48  1.3783281014224204e+02
  37    50  1.3790654134066503e+02
  37    52  3.0355199389220353e+01
  37    64  9.6362944642693513e+00
  37   407  1.1400402948603302e+02
  37   412  8.4319866221230996e+01
  37   438  1.3683804793434828e+02
  37   468  9.7344037182383673e+01
  38    51  1.5362651309403321e+02
  38    74  1.4714940068224186e+02
  38   157  6.2877168194392738e+01
  38   229  1.1833490842149422e+02
  38   237  1.5395714787646591e+02
  38   278  7.9357569512742600e+01
  38   410  1.0164146587532626e+02
  38   445  5.8355206728815773e+01
  39    95  1.2934101180629486e+02
  39   260  8.5616822759613967e+01
  39   277  1.2082721085756637e+02
  39   285  1.1974658974369476e+02
  39   313  4.7217436957311193e+01
  39   342  1.0501537005835223e+02
  39   348  3.6859552328999285e+01
  39   368  1.0947575892529792e+02
  39   484  5.3111515804706819e+01
  40    91  8.7429203198339593e+01
  40    96  1.9729596002318641e+02
  40   119  1.3991969712449597e+02
  40   160  2.1444812445947778e+02
  40   376  1.7376966147630299e+02
  40   419  1.4392923879346506e+02
  41   145  7.9507147554177081e+01
  41   194  9.2992490434132918e+01
  41   195  1.0558906757720968e+02
  41   250  9.0154776863868179e+01
  41   317  3.9544653022421265e+01
  41   322  1.0359691850276405e+02
  41   404  1.1738900630573731e+02
  41   422  3.9376206342275914e+01
  41   491  7.2564875478620337e+01
  42   151  7.1756022315318603e+01
  42   239  9.0938694064339586e+01
  42   267  1.2333277728232710e+02
  42   326  1.1684560462738163e+02
  42   332  1.0025359879908241e+02
  42   379  4.7391769353280218e+01
  42   413  5.6681166355327143e+01
  42   450  5.1099783359692736e+01
  43   102  7.6928386918185211e+01
  43   124  1.6174313273485689e+02
  43   274  1.6587188232693777e+02
  43   275  1.0677309724719140e+02
  43   282  7.2813453406959198e+01
  43   308  1.7079982296972204e+02
  43   344  6.5397391953819849e+01
  43   421  3.5009742911790383e+01
  43   458  9.8250023057688409e+01
  44    73  1.3629418157144832e+02
  44   116  9.1957789811216927e+01
  44   203  1.7456941598303567e+02
  44   215  1.1085811181133458e+02
  44   243  4.1001355337192543e+01
  44   270  1.6105801531186691e+02
  44   307  1.4101606281333360e+02
  44   323  1.3353875936145158e+02
  44   385  1.2511055087332296e+02
  44   393  1.0991713104064139e+02
  45   135  9.9259917103485492e+01
  45   149  1.5737106243582255e+02
  45   249  1.4048605633219563e+02
  45   296  4.0310517729252368e+01
  45   338  9.6740188893684149e+01
  45   360  3.4654381103527648e+01
  45   365  3.0734803458556183e+01
  45   499  1.4257659423418261e+02
  46    67  1.5711827414455641e+02
  46   131  1.2005800118034898e+02
  46   180  9.3782628609203741e+01
  46   181  1.1948314741562186e+02
  46   213  1.0316019993425139e+02
  46   295  4.1185278425873321e+01
  46   299  8.9436736487190430e+01
  46   367  6.8108024284399548e+01
  46   375  6.5867484706426154e+01
  46   428  7.8755338915711917e+01
  46   455  1.1933619790886613e+02
  46   490  1.4582937960678916e+02
  47   155  1.1962359253169342e+02
  47   194  1.1864736925995162e+02
  47   195  1.0552413775612408e+02
  47   227  6.8997514047112816e+01
  47   240  1.3840340600813389e+02
  47   250  1.3185860342624107e+02
  47   255  1.3932469244984324e+02
  47   312  1.4688244544959633e+02
  47   326  1.1871878722998183e+02
  48    52  1.1644170027287828e+02
  48   138  1.5737605693803920e+02
  48   169  1.5099199056657062e+02
  48   188  1.4786109492490701e+02
  48   356  9.9031601442514230e+01
  48   407  8.1527469324239917e+01
  48   412  1.2319271531055510e+02
  48   438  5.9657617977249387e+01
  48   489  1.2943602179146950e+02
  48   495  1.3030671750989706e+02
  49    53  1.0888663482987130e+02
  49   124  1.3788877930304119e+02
  49   234  9.7013396398736930e+01
  49   274  1.4493413565125135e+02
  49   309  1.2542691865591246e+02
  49   406  2.0347314507196167e+01
  49   462  1.2414512226643362e+02
  49   486  5.4833111380077391e+01
  50    64  1.2827432891096268e+02
  50    73  1.3497362976910287e+02
  50   203  1.1602934021270966e+02
  50   270  1.4666632221367706e+02
  50   307  1.4074686942541695e+02
  50   318  1.4265485471272581e+02
  50   468  1.1636666834017497e+02
  51    74  1.4547995421085176e+02
  51    77  1.7165394406058587e+02
  51   157  1.4834741523941884e+02
  51   229  1.2708018460826067e+02
  51   278  1.3001621255592258e+02
  51   441  6.2588759748123657e+01
  51   442  1.0432648387493887e+02
  51   445  1.7532231009960972e+02
  52    64  3.9384037820510180e+01
  52   407  8.3764490098747984e+01
  52   412  5.7147695309469285e+01
  52   438  1.2734035466864218e+02
  52   468  1.2432397541033363e+02
  52   489  1.4501231844560652e+02
  53   142  1.2581825052136278e+02
  53   311  1.1359117837866975e+02
  53   330  9.9114931924224152e+01
  53   406  8.9590021155379191e+01
  53   443  1.2320623938076741e+02
  53   486  1.2564871700487900e+02
  54    68  1.1277264348958347e+02
  54   121  1.3157616567372264e+02
  54   218  1.2090849779270715e+02
  54   271  1.4008030430233379e+02
  54   357  1.3348122054409743e+02
  54   390  1.0969782580846206e+02
  54   442  1.4301107593924536e+02
  54   473  1.1337530603847355e+02
  54   485  1.1357196472583809e+02
  55    69  1.4326420743378520e+02
  55    96  1.0797041538170294e+02
  55   160  1.6618343063165835e+01
  55   190  1.1567822853638195e+02
  55   358  9.4337010347115438e+01
  55   409  1.2851340701316940e+02
  55   425  7.9693285749679376e+01
  55   488  4.6521069399034914e+01
  56    93  1.9534095936586908e+02
  56   220  2.0425855793778004e+02
  56   223  1.5522563428842727e+02
  56   252  1.9063739183739250e+02
  56   273  5.8344410226852986e+01
  56   284  9.1764914852533579e+01
  56   305  2.0129202696458157e+02
  56   316  1.6036585808689082e+02
  57    66  1.3187037950975386e+02
  57   222  9.2746561162795743e+01
  57   225  1.1017910287713951e+02
  57   359  1.4002822215573335e+02
  57   386  5.4166166342374268e+01
  57   416  4.3637910820610450e+01
  57   434  2.6987854766939321e+01
  58    86  1.1448192084190786e+02
  58   162  1.6490046617429388e+02
  58   230  1.6272114721102247e+02
  58   322  1.5186151887493088e+02
  58   331  1.5444421219279417e+02
  58   346  1.6570845290642555e+02
  58   349  1.5561175581680837e+02
  58   424  1.5828133037496499e+02
  59    90  1.0262159806648906e+02
  59   208  1.4000216558936208e+02
  59   286  1.4333464401183701e+02
  59   312  1.5101663083276682e+02
  59   354  9.2644683211357545e+01
  59   403  3.6410116947626946e+01
  59   433  1.1219083393482700e+02
  59   480  1.2102687218401945e+02
  60    70  7.7333493791191898e+01
  60    78  8.0791400357074238e+01
  60   140  1.5963712591851831e+02
  60   150  3.6428473217640651e+01
  60   280  1.8913629033514007e+02
  60   384  8.2953561091120960e+01
  60   399  1.3908869501741168e+02
  60   469  5.0145609755286458e+01
  61    88  9.1611206948818094e+00
  61   110  8.7656550771533546e+01
  61   183  7.8547082213586179e+01
  61   200  9.6280963628422910e+01
  61   264  1.2642860891758619e+02
  61   268  1.4331159105766420e+02
  61   315  1.3343300856495713e+02
  61   355  1.1656629920473550e+02
  61   415  1.1869810407186495e+02
  61   493  7.5566447777251938e+01
  62    86  7.6750271257691836e+01
  62   147  1.2309921130502474e+02
  62   216  1.2453005685712988e+02
  62   217  9.1003018389708302e+01
  62   292  1.1469776851563140e+02
  62   331  1.3171903654863959e+02
  62   373  1.2906393527851381e+02
  62   424  5.0730746101934237e+01
  62   426  1.4987394535919148e+02
  62   467  1.4109184453674209e+02
  63    80  2.1440024613390997e+02
  63   120  1.5255619588552392e+02
  63   139  1.2278774898131186e+02
  63   193  1.0965887902655000e+02
  63   247  3.9481625083101015e+01
  63   253  2.1736785156959320e+02
  63   300  1.3064411637381784e+02
  63   389  1.5656392926274688e+02
  63   453  8.8016821140146007e+01
  63   476  1.5551247037260319e+02
  64   407  1.2314825838543288e+02
  64   412  9.1404805629861002e+01
  64   438  1.4412369086148365e+02
  64   468  9.2089924273048126e+01
  65    71  1.0903245175599271e+02
  65   277  7.8809887735849912e+01
  65   285  3.5401314664074953e+01
  65   288  8.4047358228936162e+01
  65   342  6.6349285060690136e+01
  65   348  1.0598242195311589e+02
  65   414  1.4354061922079848e+02
  65   484  1.0860040684856584e+02
  66    75  1.0302196803680047e+02
  66   222  1.0334929804462652e+02
  66   225  1.6339511921447880e+02
  66   245  1.0853905825477874e+02
  66   251  1.1877532725333997e+02
  66   386  1.6738438960400629e+02
  66   416  9.3913356673807442e+01
  66   434  1.5857405783867355e+02
  67   106  1.1039451258109526e+02
  67   139  7.2875362940191962e+01
  67   181  1.4134548836180807e+02
  67   299  9.5672023295352716e+01
  67   420  1.3615932776416756e+02
  67   428  1.3790997336702591e+02
  67   449  1.1396249125949973e+02
  68    77  1.1917087715574479e+02
  68   115  9.6542646116547672e+01
  68   121  7.1898719784324342e+01
  68   218  6.6579627567640671e+01
  68   271  6.6091633867134064e+01
  68   321  9.7655214934732925e+01
  68   325  1.5990103109995539e+02
  68   357  8.3751291847737562e+01
  68   390  1.2067943829845730e+02
  68   440  1.4236067903957218e+02
  69   190  1.4277383641327114e+02
  69   216  1.1740460664813136e+02
  69   269  8.2623213529812546e+01
  69   280  2.0346464480231595e+02
  69   335  1.7044942651349768e+02
  69   358  5.6540194705926112e+01
  69   373  1.2365736953784665e+02
  69   409  1.6843716763345267e+02
  69   423  1.9523786008359278e+02
  69   425  9.0919867249421884e+01
  69   467  9.5157191250891273e+01
  69   488  1.0254418366587041e+02
  70    78  9.8373456229096206e+01
  70   150  4.0937701946542653e+01
  70   221  1.3128410492633120e+02
  70   280  1.8699587789616902e+02
  70   382  1.6197914066067210e+02
  70   384  4.2486083721200771e+01
  70   388  1.8639921249449296e+02
  70   469  7.6410369401526765e+01
  71   137  1.5549050235147894e+02
  71   200  1.3840068635043460e+02
  71   264  9.2878063016170643e+01
  71   285  1.2963525970464383e+02
  71   288  1.0519812650391974e+02
  71   293  2.2009860863207678e+02
  71   414  7.6757704943110454e+01
  71   493  1.4088873524045309e+02
  72   103  1.2048644237325152e+02
  72   107  1.4165007130468743e+02
  72   129  1.1763572595539318e+02
  72   133  1.5083059128201728e+02
  72   171  3.9100763688140134e+01
  72   184  1.3400913965619094e+02
  72   211  1.2158729097892754e+02
  72   214  1.1108485743659270e+02
  72   345  4.2366055989712692e+01
  72   437  7.4673749915205946e+01
  72   457  1.3663197455660847e+02
  72   474  7.4347016251444288e+01
  73   203  4.0985971292714055e+01
  73   215  9.9575224189699625e+01
  73   307  8.1210456548883823e+00
  73   318  8.6138857278876230e+01
  73   385  2.8534728998490412e+01
  74   229  3.0228079776039944e+01
  74   378  8.6271046124610052e+01
  74   435  3.5597445740520293e+01
  74   442  1.4413549002512187e+02
  74   473  1.1521213290749719e+02
  74   485  6.9180204392606669e+01
  74   487  6.0201495566758723e+01
  75   114  8.7742569196633056e+01
  75   158  1.3431242141378544e+02
  75   222  1.5845771995524674e+02
  75   245  6.2084021287197446e+00
  75   251  7.6087489699089474e+01
  75   363  9.8345242637515469e+01
  75   416  1.9258308457427668e+02
  75   430  1.0937347830308144e+02
  76    89  1.0627244234549252e+02
  76   107  1.9639382092147611e+02
  76   120  1.8685435107277587e+02
  76   164  1.3479758329388324e+02
  76   187  1.0277506207858720e+02
  76   202  7.0533943665958788e+01
  76   490  2.0329482628168557e+02
  76   494  3.7529513822000439e+01
  77   115  1.0974482317350700e+02
  77   218  5.2692679051615755e+01
  77   219  1.1663082149865082e+02
  77   321  6.1941761323476136e+01
  77   357  3.6926178014874118e+01
  77   441  1.1793910873458380e+02
  77   442  7.8709719383099511e+01
  77   461  9.0718093479540485e+01
  78   150  7.9655558274233414e+01
  78   221  1.2198730134623361e+02
  78   232  1.2842704997730687e+02
  78   382  9.3494903940496386e+01
  78   384  6.4568975657388677e+01
  78   469  3.1599182255802333e+01
  79   106  9.7319294979599135e+01
  79   209  7.4135371303483851e+01
  79   231  1.0885744859753001e+02
  79   268  1.4647792596524559e+02
  79   389  8.8990457292046258e+01
  79   395  1.1235111321954770e+02
  79   420  5.9982973755493155e+01
  79   449  8.1670418415759514e+01
  79   476  1.4257130302575206e+02
  79   500  1.0848795946957720e+01
  80   193  1.0499339926102411e+02
  80   247  1.8787695343810691e+02
  80   253  9.6328132965742398e+01
  80   300  9.3831293315257383e+01
  80   401  1.0088076346318395e+02
  80   453  1.9219219359254319e+02
  81   159  5.5364752623343641e+01
  81   162  9.0093630604094628e+01
  81   212  1.1304393130982457e+02
  81   230  1.4653010478094870e+02
  81   259  3.6322657840461126e+01
  81   331  1.3353269091260992e+02
  81   337  5.2957915663840865e+01
  81   454  1.4544174555059834e+02
  82   110  1.6959397838792438e+02
  82   130  2.0547056557993918e+02
  82   137  8.8198072536610880e+01
  82   183  1.7874839485651219e+02
  82   200  1.1074394316794633e+02
  82   293  1.1205363429034172e+02
  82   315  7.0176323306899278e+01
  82   472  1.5257471785926225e+02
  82   497  1.3506392083653381e+02
  83   142  1.1145612056826907e+02
  83   144  1.5360092426715917e+02
  83   177  1.3087330341051282e+02
  83   201  1.3157512177788914e+02
  83   287  7.5987595553289040e+01
  83   330  1.3756252258819620e+02
  83   466  9.4194182396309543e+01
  83   478  8.0211740926612791e+01
  84    93  9.4046918595431734e+01
  84    97  7.9671269177574942e+01
  84   210  1.0454120007003168e+02
  84   240  1.4281783492862345e+02
  84   248  1.0169804979170782e+02
  84   252  1.0632618105231816e+02
  84   290  7.6172431324277255e+01
  84   305  9.3303942198569672e+01
  84   377  1.2153562241509499e+02
  84   380  7.8091627696356525e+01
  84   411  3.7726413913519629e+01
  84   431  8.7083265960242827e+01
  85   191  1.3409883702031533e+02
  85   206  6.3036104041423251e+01
  85   226  1.3414070132494558e+02
  85   323  1.7207018001586516e+02
  85   359  2.1950429862907285e+02
  85   392  8.1174032136836601e+01
  85   451  7.2625652559302083e+01
  85   470  1.1104879362677468e+02
  86   196  1.5361543176929030e+02
  86   217  1.6662245602214136e+02
  86   254  1.8489780646501609e+02
  86   292  1.8148677022505873e+02
  86   331  1.5553739606496828e+02
  86   424  9.9154449382944293e+01
  86   426  9.5189223768555394e+01
  87   234  9.5273918720953020e+01
  87   264  9.6622158821363115e+01
  87   309  6.9526487774068428e+01
  87   414  1.2696360766632361e+02
  87   462  7.0884604244696661e+01
  87   486  1.1692698317082865e+02
  87   493  8.4871284047240152e+01
  88   110  8.0486312646620448e+01
  88   183  7.2017978739601702e+01
  88   200  8.8672843451195050e+01
  88   264  1.2867759608244336e+02
  88   315  1.2459902267784972e+02
  88   355  1.2432605265971596e+02
  88   415  1.1530452185902040e+02
  88   493  8.0177730787518612e+01
  89   128  1.2647999788686475e+02
  89   131  1.1019918460536250e+02
  89   164  1.7436379892338223e+02
  89   187  2.5492515566109912e+01
  89   202  1.2832641228030960e+02
  89   367  1.6422108874707104e+02
  89   490  1.4889181444697124e+02
  89   494  1.3849359734903771e+02
  90   208  4.3056688913860157e+01
  90   286  9.2326631812689087e+01
  90   327  1.6175607783529148e+02
  90   354  1.1938935778681068e+02
  90   403  1.3610275119794539e+02
  90   433  1.5082910192754284e+02
  91    96  1.3317382818539991e+02
  91   119  8.1326797814837533e+01
  91   376  8.9696557432215045e+01
  91   419  5.9944757980710492e+01
  91   464  1.5478841912775869e+02
  92    99  1.4272253819459900e+02
  92   146  9.2051122174496754e+01
  92   174  1.2960340864517335e+02
  92   244  8.7675223453851387e+01
  92   304  5.3753565595973846e+01
  92   448  9.6011215499446934e+01
  92   460  1.1280112242310126e+02
  93   210  1.1323140049574340e+02
  93   252  3.7788342264343335e+01
  93   273  1.4619049314570091e+02
  93   284  1.4282616691478921e+02
  93   290  9.7383531175304284e+01
  93   305  2.1649131782521774e+01
  93   377  1.1756182206171218e+02
  93   380  1.1374222914799817e+02
  93   411  8.5328226935883592e+01
  93   431  3.6650600585301461e+01
  93   463  1.1587142736333026e+02
  94   125  1.3028003563957566e+02
  94   161  2.4815574268249549e+01
  94   173  1.0395345381310290e+02
  94   189  8.2647028463626057e+01
  94   289  8.2068378477275587e+01
  94   298  1.6370866030522672e+02
  94   324  1.1042178505712538e+02
  94   456  3.9005124055114727e+01
  95   126  1.6784133841210868e+02
  95   154  8.9541429559633599e+01
  95   168  8.8531517171329043e+01
  95   207  1.2038135861096440e+02
  95   313  1.3694470283939631e+02
  95   350  1.0846596503745734e+02
  95   368  1.0167613816628808e+02
  96   160  1.0675588186122570e+02
  96   224  1.2212244004254232e+02
  96   376  7.4423499101269982e+01
  96   419  8.5935731195180963e+01
  96   464  7.5169940382595144e+01
  97   240  1.3024255537283906e+02
  97   248  2.3865362864619971e+01
  97   290  1.2464893160044696e+02
  97   312  1.3503219628322458e+02
  97   380  1.1437708879247194e+02
  97   383  1.0564503135015515e+02
  97   411  1.0372796324832005e+02
  98   117  1.3804185665458280e+02
  98   156  9.5805248467486635e+01
  98   197  9.6140119813296650e+01
  98   230  1.3244154793046658e+02
  98   427  1.3953344960060423e+02
  98   429  1.4335393728517590e+02
  98   454  9.9864930201944389e+01
  98   479  1.4040055284567256e+02
  99   123  1.9878476523941748e+02
  99   152  1.1215168486309304e+02
  99   170  1.5098335564643585e+02
  99   174  1.3153278244358939e+01
  99   175  7.2772752314818419e+01
  99   304  1.4047535943149538e+02
  99   448  9.8725475882260511e+01
 100   143  5.3646469730690754e+01
 100   172  6.2973061545473669e+01
 100   182  8.3327328379189922e+01
 100   205  2.7248562418115398e+01
 100   258  1.1805162385350503e+02
 100   267  1.0841766504545271e+02
 100   340  9.9856836018893873e+01
 100   372  1.2257527308722632e+02
 100   471  1.5255568242560830e+02
 101   115  1.0065851382897158e+02
 101   133  1.6010648255018131e+02
 101   163  1.5908363789920625e+02
 101   186  4.5720418032071379e+01
 101   219  1.4621494231964203e+02
 101   228  1.4928159368197191e+02
 101   241  1.7701930366627755e+02
 101   265  1.6721490777409804e+02
 101   321  1.2472767170279172e+02
 101   461  8.7417531284602475e+01
 102   141  1.1865113923380311e+02
 102   282  1.0072143677195145e+02
 102   344  1.4185486632253088e+02
 102   421  8.0089339108350927e+01
 102   446  1.9653557001595581e+02
 102   458  4.3737164951347346e+01
 103   107  1.3981860153911228e+02
 103   129  1.2878072880770677e+02
 103   345  1.0925276305983969e+02
 103   437  4.5961823089878067e+01
 103   457  5.2742830943038236e+01
 103   474  4.7812890648558323e+01
 103   494  1.7324522682071114e+02
 104   181  9.0259385958604952e+01
 104   198  1.0324141449447779e+02
 104   213  1.1702913383695075e+02
 104   295  1.0792095897850157e+02
 104   347  3.8864710488657416e+01
 104   375  1.0681988755446972e+02
 104   417  2.2956866370844008e+01
 104   428  9.1798458200486678e+01
 105   176  7.6627305507324053e+01
 105   224  1.2770044737300637e+02
 105   235  1.1975026932786230e+02
 105   291  7.4940020258198501e+01
 105   310  3.1576446261606399e+01
 105   320  7.1675525169680625e+01
 105   400  8.3633904040195986e+01
 105   464  1.1835030161350555e+02
 106   139  1.1974100022063081e+02
 106   233  1.3971289166579558e+02
 106   420  3.8495302719614564e+01
 106   449  1.6358871702542185e+01
 106   492  1.1993788132951825e+02
 106   500  1.0523993641966884e+02
 107   129  2.4281769443511642e+01
 107   163  6.7220757237796718e+01
 107   219  1.4063318351904994e+02
 107   437  1.2486271042836749e+02
 107   474  1.1788965368793650e+02
 107   494  1.8251087602081375e+02
 108   179  1.1611338285858962e+02
 108   185  6.6012732913666156e+01
 108   209  1.9157850318284002e+02
 108   231  1.9388312981671638e+02
 108   314  3.8013315253010454e+01
 108   352  1.4494917266524993e+02
 108   395  1.9192198115329234e+02
 108   436  7.7674906712025688e+01
 109   178  1.3363968266659430e+02
 109   192  1.8334775241533174e+02
 109   246  8.6102118295562036e+01
 109   256  1.7922230179251466e+02
 109   272  7.3580681394215091e+01
 109   298  1.8216699798115826e+02
 109   405  1.4756084006715170e+02
 109   483  1.6622544430227694e+02
 110   183  1.2156230089649126e+01
 110   200  1.0428289991415234e+02
 110   315  1.0440060131673488e+02
 110   415  6.0655736021874205e+01
 110   472  1.2153219316649161e+02
 111   144  1.2548936692656939e+02
 111   198  1.3996119030164238e+02
 111   328  1.3904969937798532e+02
 111   374  9.6878452716065695e+01
 111   397  1.2066098624972773e+02
 111   427  1.1049169753319059e+02
 111   459  1.4063784441390189e+02
 111   496  8.2838797113608805e+01
 112   133  2.3158726703988074e+02
 112   184  2.3780948928195568e+02
 112   211  2.4786077528808067e+02
 112   228  1.7816445951054874e+02
 112   241  1.9004727706285820e+02
 112   265  1.7222545026079209e+02
 112   408  1.0143815463507991e+02
 113   134  1.2585206889615613e+02
 113   147  7.9298019515787828e+01
 113   217  1.2582870615528294e+02
 113   224  8.9078345413235894e+01
 113   235  6.9875357256371515e+01
 113   266  6.6907112390664551e+01
 113   291  1.0195838667178546e+02
 113   292  8.7682872680681427e+01
 114   158  4.7342279438419908e+01
 114   245  8.1724190013830849e+01
 114   251  1.1001490134474915e+02
 114   276  9.5122943785363873e+01
 114   363  8.3961279252218532e+01
 114   430  1.2582824650166789e+02
 115   186  1.3093540099016874e+02
 115   218  8.3283646524642691e+01
 115   321  4.8375746757323114e+01
 115   357  8.2761352932093914e+01
 115   461  4.9550025476631703e+01
 116   189  1.3568362788403667e+02
 116   215  1.2558210642882391e+02
 116   243  5.7605294929173006e+01
 116   323  4.5026299336392931e+01
 116   385  1.7929683358065188e+02
 116   392  1.3831500092953209e+02
 116   393  3.5492430936247068e+01
 117   138  8.7205650259473472e+01
 117   156  1.2728317243409462e+02
 117   197  8.6085389275517073e+01
 117   204  1.0471819435338359e+02
 117   362  1.4448247860450564e+02
 117   466  1.6859036780098597e+02
 117   478  1.5945593401748184e+02
 118   137  2.6490614709370806e+02
 118   260  2.7932951178150768e+02
 118   285  3.0278156612997321e+02
 118   293  2.2022563743268253e+02
 118   342  2.7785415439540941e+02
 118   348  3.0482649301653674e+02
 118   484  2.8583469838032892e+02
 119   261  1.3881028990300948e+02
 119   306  1.3722619985400317e+02
 119   320  1.1944003475089839e+02
 119   376  1.2147248421318825e+02
 119   419  1.0377887666286000e+02
 120   164  9.6526267545312649e+01
 120   202  1.2937418866163509e+02
 120   247  1.3878038768490401e+02
 120   299  1.4876652576232570e+02
 120   367  1.4933985523753213e+02
 120   453  1.0606845565152328e+02
 120   490  5.9961763503998540e+01
 120   494  1.8546273179122676e+02
 121   271  1.5347822325921516e+01
 121   294  1.9717165750313424e+02
 121   303  1.3232882190315826e+02
 121   319  1.1681911812243379e+02
 121   325  1.1386316034301521e+02
 121   333  2.0184492893563248e+02
 121   390  7.0869307010229775e+01
 121   440  9.2358967762063898e+01
 122   132  1.0290245739630424e+02
 122   154  1.0420160089870781e+02
 122   167  5.7800915283190776e+01
 122   168  1.0925934535718895e+02
 122   350  1.4531741402376844e+02
 122   391  1.2657405696324621e+02
 123   152  1.4631152719579299e+02
 123   165  1.8958936842812315e+02
 123   170  1.3714668235381509e+02
 123   175  1.7796278715087846e+02
 123   336  2.0402514614591857e+02
 123   343  1.3142840373741407e+02
 123   423  2.0182969712545287e+02
 124   274  8.8090260299818048e+00
 124   308  8.8921262202739015e+01
 124   344  1.4597427038257356e+02
 124   406  1.5415537372784524e+02
 124   421  1.3807161783653029e+02
 125   161  1.0970773950218710e+02
 125   173  4.5129183518016831e+01
 125   192  1.3410182244829636e+02
 125   199  1.1651107165364962e+02
 125   262  1.3633345272518696e+02
 125   289  4.8766913100526722e+01
 125   324  2.8595602191729586e+01
 125   370  1.2064324849445089e+02
 125   444  7.0349313600037263e+01
 126   132  1.2233525309024870e+02
 126   141  1.5063050906223259e+02
 126   154  1.5330243641747597e+02
 126   207  7.5108735705288140e+01
 126   308  1.1647876156975457e+02
 126   391  1.5932204396982650e+02
 127   261  1.1087104459877457e+02
 127   281  1.2493879775081064e+02
 127   301  6.7361754526585386e+01
 127   303  1.4941434516185157e+02
 127   306  4.7339777404701124e+01
 127   319  4.8206562341020749e+01
 127   361  1.0657206223073823e+02
 127   390  9.6579966038755998e+01
 127   452  1.6687461616655705e+02
 128   131  1.0086093877564494e+02
 128   157  1.4210182058097985e+02
 128   180  1.0230535125012624e+02
 128   187  1.2796881333445172e+02
 128   278  1.3873871960445601e+02
 128   374  1.5890924584162704e+02
 128   445  1.4673434688287659e+02
 128   455  1.3370130010632721e+02
 129   163  8.3805533531437845e+01
 129   171  1.2488714892079062e+02
 129   437  1.0724528942498293e+02
 129   474  1.0031301336014464e+02
 130   185  2.2662483417321454e+02
 130   293  2.5222821668293116e+02
 130   315  2.3074645766965929e+02
 130   352  2.2046737210141322e+02
 130   472  1.3612017280383503e+02
 130   497  1.0466764711801471e+02
 131   180  8.9669675038560172e+01
 131   187  1.3012802672423473e+02
 131   295  1.3600076845657196e+02
 131   367  5.9087676075755816e+01
 131   490  1.0139095152411252e+02
 132   141  1.2914613344751240e+02
 132   154  1.2735349362438409e+02
 132   167  7.0917065351234626e+01
 132   168  1.4878427567713251e+02
 132   207  1.7690819875127411e+02
 132   276  1.1155168449205937e+02
 132   391  5.2144417394640513e+01
 133   171  1.1290415468219537e+02
 133   184  1.8722887548671011e+01
 133   186  1.3878840408181364e+02
 133   211  1.3089170628241584e+02
 133   214  1.7242211924810064e+02
 133   228  1.4884602748056338e+02
 133   241  2.0389561612578083e+02
 133   265  1.7261078794125751e+02
 133   408  3.1590319842811397e+02
 134   212  1.0973936929177518e+02
 134   235  9.1673698687894387e+01
 134   237  7.4128520690156577e+01
 134   266  9.2717356858757611e+01
 134   378  1.2783295062324986e+02
 134   410  1.3798767661894772e+02
 134   435  1.5427696654231468e+02
 134   487  1.3565503531034071e+02
 135   136  2.0861489611767990e+02
 135   146  1.5362008285527602e+02
 135   296  8.2001955065649170e+01
 135   338  1.8239735788915019e+02
 135   360  6.5255629725838602e+01
 135   365  1.2353111031484380e+02
 135   369  2.1778547016103698e+02
 136   149  9.5781811364775336e+01
 136   296  1.5295840667962582e+02
 136   304  1.3094307509400025e+02
 136   369  4.1644838413517107e+01
 136   399  1.0396268721603521e+02
 136   402  1.2973740105897724e+02
 136   475  1.2393904464639326e+02
 137   200  1.5446459444751531e+02
 137   285  1.7963679114946370e+02
 137   293  6.5342542797549640e+01
 137   315  1.3818120747084964e+02
 137   342  1.8690388571022189e+02
 137   497  1.8466294848734103e+02
 138   169  1.3483528495232682e+02
 138   188  1.0869760114854307e+02
 138   197  1.4650154791396062e+02
 138   204  1.2103260606328070e+02
 138   356  1.7377258633930779e+02
 138   362  1.1555128622454770e+02
 138   466  1.3607975725912598e+02
 138   495  1.7005310904646322e+02
 139   247  1.6113020771393690e+02
 139   299  1.3567503825738797e+02
 139   389  1.1799449606052629e+02
 139   420  1.2470097399651037e+02
 139   449  1.1294698749077868e+02
 139   500  1.3452709801096196e+02
 140   148  5.4901404929044794e+01
 140   165  1.5568913952543696e+02
 140   166  2.6031527460285119e+01
 140   236  7.4669627714043600e+01
 140   280  1.8939056135171606e+02
 140   335  1.7505395455691399e+02
 140   336  9.5558844491845676e+01
 140   399  9.2511848855153630e+01
 140   402  1.2793704241938786e+02
 140   475  1.4149248234595086e+02
 141   276  1.1411006664721019e+02
 141   391  1.0677680080040355e+02
 141   458  1.3847597150188426e+02
 142   177  1.2470345300387277e+02
 142   201  1.4853259104905425e+02
 142   287  4.4901242039548855e+01
 142   330  2.6862787873682429e+01
 142   364  1.0239843800436851e+02
 143   172  1.0025752520259876e+02
 143   182  1.2603834422157189e+02
 143   205  4.4499218348632283e+01
 143   258  9.3638944858187870e+01
 143   267  1.5744687684437554e+02
 143   340  1.4750176502981265e+02
 143   372  7.0009072883646880e+01
 143   471  1.6537623438076392e+02
 144   156  1.5961966735224109e+02
 144   198  6.7153100935356377e+01
 144   417  1.4618948016026329e+02
 144   459  1.5469498659499132e+02
 144   478  1.0009032593912360e+02
 145   194  1.3990439465014845e+02
 145   317  6.1694424521640045e+01
 145   322  2.4135848361351393e+01
 145   349  1.4403239337786184e+02
 145   366  1.1407738063261635e+02
 145   422  6.9366221946448377e+01
 145   465  1.4170979049690175e+02
 146   244  9.3873338926569232e+01
 146   304  1.2197743341902218e+02
 146   448  1.6965137201762118e+02
 146   460  8.4488289961216253e+01
 147   217  5.6830193238327247e+01
 147   224  1.2775437538695512e+02
 147   266  9.8708395853691641e+01
 147   292  8.6812191134010313e+00
 147   331  1.0463217783059565e+02
 147   424  9.1049822992857969e+01
 148   166  3.6294964892937962e+01
 148   170  1.2990094324282612e+02
 148   236  2.0394702657343736e+01
 148   336  9.6024029944357196e+01
 148   399  9.2707680025055609e+01
 148   402  7.3038596562123274e+01
 148   475  8.6673593967245779e+01
 149   249  1.2217775904179668e+02
 149   296  1.4701987018218819e+02
 149   338  6.9269179479168784e+01
 149   360  1.7359228718075985e+02
 149   365  1.2802783563939096e+02
 149   369  5.5189181715384159e+01
 149   381  1.4435964782026414e+02
 149   399  9.7203114708608169e+01
 150   221  1.5247033154165320e+02
 150   280  1.8525031875256332e+02
 150   382  1.6219867310252960e+02
 150   384  5.3925936839959618e+01
 150   399  1.7551005199623572e+02
 150   469  4.9850693009129046e+01
 151   220  9.9655417856045730e+01
 151   227  1.3212737099562065e+02
 151   239  2.8366659601427305e+01
 151   316  1.4097108832986743e+02
 151   326  1.2368014209756049e+02
 151   332  3.0680144541286896e+01
 151   379  7.6589564090549416e+01
 151   413  3.5031322346694154e+01
 151   450  8.3473433327684745e+01
 152   170  3.9407656341095354e+01
 152   174  1.1636237200880878e+02
 152   175  4.7127729958369009e+01
 152   236  1.3587714585470692e+02
 152   343  2.0508539997666969e+02
 152   402  9.6630796708117032e+01
 152   475  9.7409550397523134e+01
 153   199  1.7370825952118358e+02
 153   262  1.0078653990967456e+02
 153   263  7.9290481319985489e+01
 153   297  1.6351928111317571e+02
 153   341  1.7019009419326480e+02
 153   432  8.9560099391000819e+01
 153   444  1.7209908889310623e+02
 154   167  1.4054330444181701e+02
 154   168  2.4892924431265918e+01
 154   207  1.4834916280443883e+02
 154   350  8.6633166769883928e+01
 155   194  1.1667884629176666e+02
 155   195  9.2300876405071264e+01
 155   208  1.5379027340071937e+02
 155   240  1.4263922983966771e+02
 155   250  8.1859132087359100e+01
 155   255  3.1208696765191803e+01
 155   312  1.0921091714345744e+02
 155   354  1.0149621634494844e+02
 155   491  9.5863962114357150e+01
 156   197  1.4815018349057169e+02
 156   328  1.4728507301960943e+02
 156   397  1.3361869208086077e+02
 156   427  1.0595132588463608e+02
 156   454  1.3708641443546480e+02
 156   478  1.3846555765251338e+02
 157   187  1.9097564718845348e+02
 157   229  1.6414383910698797e+02
 157   278  2.5205281753618088e+01
 157   410  1.5332638954736746e+02
 157   445  3.0364389659912746e+01
 158   245  1.2842932863943844e+02
 158   251  1.5267473557065023e+02
 158   276  5.4468831491593590e+01
 158   363  1.0149559008541395e+02
 158   391  1.1393259747630026e+02
 158   430  1.4799597746040578e+02
 158   498  1.7377120512201211e+02
 159   162  9.9700749907604930e+01
 159   212  1.3625773280820425e+02
 159   259  6.0853609321740976e+01
 159   328  1.0033021018260229e+02
 159   337  1.1712790629086028e+01
 159   397  1.2034737664041214e+02
 159   427  1.4866256774152120e+02
 159   454  1.1673124841895581e+02
 160   190  1.1091609554051060e+02
 160   358  1.0394136193111135e+02
 160   409  1.2077095581110262e+02
 160   425  9.6130710292103601e+01
 160   488  5.4778274404116452e+01
 161   173  8.9628507972105552e+01
 161   178  1.7341491372233858e+02
 161   189  1.0734037712155121e+02
 161   289  6.3323350246515453e+01
 161   298  1.5254546858243887e+02
 161   324  8.7702089712566718e+01
 161   444  1.3324230629815895e+02
 161   456  6.2656465218909496e+01
 162   230  5.7945185320478153e+01
 162   259  5.3833747684786047e+01
 162   328  1.3423630337606306e+02
 162   337  8.8130808956427273e+01
 162   346  1.3333566314044572e+02
 162   349  1.2830140221373284e+02
 162   397  1.5243011897632041e+02
 162   454  8.6818294899701542e+01
 162   479  1.2373445298070763e+02
 163   186  1.1696527697662448e+02
 163   219  7.5030312099697213e+01
 163   321  1.8670370118944103e+02
 163   461  1.5811137180956297e+02
 163   474  1.8370504062906676e+02
 164   202  6.4291767639203073e+01
 164   247  1.7566745688290180e+02
 164   453  1.2402054931447489e+02
 164   490  1.4800235115190731e+02
 164   494  1.1579926997376616e+02
 165   166  1.4261696192641878e+02
 165   170  1.4808057955576263e+02
 165   269  1.5754615731873704e+02
 165   335  1.4920538260538191e+02
 165   336  6.8676224342660532e+01
 165   343  9.7347613772177965e+01
 165   423  5.8947289710084320e+01
 166   236  5.6595642046210259e+01
 166   336  7.7441706923457943e+01
 166   399  1.0308534506496228e+02
 166   402  1.0716037356544696e+02
 166   423  1.9931247697533979e+02
 166   475  1.2148970888916546e+02
 167   168  1.5327499716415508e+02
 167   276  1.0919011869804767e+02
 167   391  7.3835755960946628e+01
 168   207  1.6657483636949380e+02
 168   350  6.1812486381985899e+01
 168   368  1.2328842590530758e+02
 169   204  1.0270707119690942e+02
 169   283  1.5586588038025627e+02
 169   327  1.1248181397548520e+02
 169   362  3.7597100676659565e+01
 169   407  1.2998529262391588e+02
 169   489  8.2947203443008036e+01
 170   174  1.5565147490232962e+02
 170   175  8.5841621401527405e+01
 170   236  1.2323281469005147e+02
 170   336  1.1211030009030266e+02
 170   343  1.7177795368233444e+02
 170   402  9.8997541337014994e+01
 170   423  1.9656230233324928e+02
 170   475  1.0554493720583585e+02
 171   184  9.5559994871327845e+01
 171   211  9.7366371350440929e+01
 171   214  1.0347362841170677e+02
 171   345  7.6186804096536520e+01
 171   437  1.1127837158460872e+02
 171   457  1.7573141152122037e+02
 171   474  1.0979805998637464e+02
 172   205  5.5875462268988436e+01
 172   258  1.1081515418945055e+02
 172   267  6.4819465985577096e+01
 172   340  5.3120202799974450e+01
 172   351  1.1729722551754824e+02
 172   372  1.5553055610068142e+02
 172   379  1.0887923726027607e+02
 173   199  1.6112044605291561e+02
 173   262  1.3180091977949235e+02
 173   289  3.1460330585687863e+01
 173   324  5.2173848496712679e+01
 173   370  8.4282303687744687e+01
 173   444  4.6398151604090657e+01
 173   456  1.3995837003780125e+02
 174   175  7.3734324352090454e+01
 174   244  1.7872270930581956e+02
 174   304  1.2876048141086181e+02
 174   448  8.8762185977730454e+01
 174   460  2.1485000638589258e+02
 175   304  1.2579001408925662e+02
 175   402  1.0271865474239023e+02
 175   448  1.5406987096767551e+02
 175   475  9.6359882204401174e+01
 176   310  8.4676862119263063e+01
 176   320  8.5153626096460286e+01
 176   378  1.1641955536168622e+02
 176   400  1.9792987498692135e+01
 176   473  7.6393053103883261e+01
 176   485  1.2837457580685603e+02
 176   487  1.4094812411510372e+02
 177   188  1.2949281034322939e+02
 177   201  3.0882700618404375e+01
 177   275  1.4465420005089632e+02
 177   287  9.2858753720223731e+01
 177   330  1.4286271324950857e+02
 177   364  8.2680871091128182e+01
 177   466  9.9683623298320057e+01
 177   495  1.3856712160524580e+02
 178   192  9.7654322813848680e+01
 178   246  7.7639275984119948e+01
 178   272  1.7687148754103728e+02
 178   298  8.2234606317624056e+01
 178   324  1.5910942418721760e+02
 178   405  8.3906192947192636e+01
 179   185  1.3195776075575245e+02
 179   209  8.2677798777101629e+01
 179   231  1.1236964222522215e+02
 179   314  7.8833648191538714e+01
 179   352  1.0682820288075787e+02
 179   395  1.1230770744747187e+02
 179   436  7.6615487583742706e+01
 179   476  1.4449326695828793e+02
 180   213  5.9086331041252286e+01
 180   295  7.8778558192134795e+01
 180   367  9.0275288126673132e+01
 180   374  1.5304758823239101e+02
 180   375  6.3246994609919945e+01
 180   455  5.5632450318137536e+01
 180   459  1.0604628730518118e+02
 181   233  1.1272649469197272e+02
 181   295  1.1442938395967370e+02
 181   347  8.6196161208896967e+01
 181   417  1.0920837083158749e+02
 181   428  4.0830813971244424e+01
 182   205  1.1034568920619071e+02
 182   232  1.0606342049381776e+02
 182   242  6.9565054697291941e+01
 182   267  1.2028047334030526e+02
 182   340  1.1968780070444157e+02
 182   351  9.3268063419811995e+01
 182   372  1.9474938963110139e+02
 182   381  1.1348769803033926e+02
 182   394  7.6452228599561522e+01
 182   471  1.0160300562594863e+02
 182   499  8.0046545218666338e+01
 183   200  1.0670252384608898e+02
 183   315  1.1202995738213832e+02
 183   415  5.6827219287365935e+01
 183   472  1.3314069948448787e+02
 184   186  1.5132479484133040e+02
 184   211  1.1437386814222118e+02
 184   214  1.5441832506087516e+02
 184   228  1.6630170429250714e+02
 184   265  1.8974199646978914e+02
 185   209  2.1462000263185877e+02
 185   314  8.0450240441452365e+01
 185   352  1.0525039838628699e+02
 185   436  5.8912543051293362e+01
 185   472  1.9884472593518407e+02
 186   219  1.2014694462947344e+02
 186   228  1.7177187510654994e+02
 186   321  1.4061477629130647e+02
 186   461  1.0063571097776618e+02
 187   202  1.3856946985337956e+02
 187   278  1.7099380473432771e+02
 187   490  1.7438386768181749e+02
 187   494  1.3832153677904230e+02
 188   201  9.8672477719803254e+01
 188   356  9.6702757303547145e+01
 188   438  1.4439861586290576e+02
 188   466  7.5526622710921984e+01
 188   495  7.4410419165977672e+01
 189   243  1.3626523251755441e+02
 189   323  1.1703951281592850e+02
 189   387  1.2798022020090596e+02
 189   393  1.0186361278922637e+02
 189   456  5.2074519204766823e+01
 190   269  1.6409080870367811e+02
 190   343  2.2147177896202274e+02
 190   358  9.3919418839823919e+01
 190   409  2.5666679580641677e+01
 190   425  1.5283242048514040e+02
 190   488  8.6791518659254294e+01
 191   206  8.8468095659447783e+01
 191   226  1.3081917669260076e+02
 191   262  1.2481529742816079e+02
 191   263  1.1091407315808371e+02
 191   297  1.5692767235196609e+02
 191   334  1.2806572665485623e+02
 191   341  6.2078099796695973e+01
 191   392  1.4175740460667285e+02
 191   451  6.5049790232783991e+01
 192   199  8.4591271300880621e+01
 192   246  9.7354870462864639e+01
 192   289  1.5939092845214427e+02
 192   298  1.7080308171641147e+02
 192   324  1.2451009292377107e+02
 193   247  8.3979402771015231e+01
 193   253  1.3180840483191224e+02
 193   300  3.2344496624633372e+01
 193   401  1.6080708015544124e+02
 193   453  1.0188870602845903e+02
 193   476  1.8244052056560290e+02
 194   195  2.4712570083162582e+01
 194   250  4.7551438999707436e+01
 194   255  1.0637344874276104e+02
 194   422  7.2394993265819920e+01
 194   491  5.5957403535994686e+01
 195   250  3.3798671879521216e+01
 195   255  8.4306000582080387e+01
 195   422  9.2229645051945383e+01
 195   491  4.9878001914662931e+01
 196   238  7.0524579223928782e+01
 196   254  1.4951968679190441e+02
 196   366  1.2973664123372930e+02
 196   398  4.1041631653808814e+01
 196   418  8.6203924404133062e+01
 196   426  7.3583089205765219e+01
 196   465  7.0986130961098681e+01
 197   204  6.4313594620584382e+01
 197   283  1.4211193883185439e+02
 197   339  1.2911444450757438e+02
 197   362  1.2935046269952991e+02
 197   429  1.3320282909761320e+02
 198   213  1.4192678058355668e+02
 198   347  1.1905655799310753e+02
 198   374  1.6569492209118084e+02
 198   417  8.5249846131505535e+01
 198   459  1.0095509876341809e+02
 198   478  1.5869996337785409e+02
 199   246  1.7622056406858187e+02
 199   289  1.6101080442141921e+02
 199   324  1.2614459970397343e+02
 199   444  1.7003026219704324e+02
 200   264  1.2996030398744966e+02
 200   293  2.0722181213110250e+02
 200   315  5.0655742561210900e+01
 200   493  1.1705771835756829e+02
 200   497  2.3690703012141864e+02
 201   287  1.1126567392142199e+02
 201   356  1.4960405863872484e+02
 201   364  1.1315514220034051e+02
 201   466  7.8027672064363927e+01
 201   495  1.1250089973975993e+02
 202   453  1.8603597492151877e+02
 202   490  1.6195369320856551e+02
 202   494  5.6901351777679793e+01
 203   215  1.3674394620445375e+02
 203   307  4.0329310707352434e+01
 203   318  5.0720028356040061e+01
 203   385  6.5965366644061888e+01
 204   283  1.1877502408560275e+02
 204   327  1.1612134365803489e+02
 204   339  1.1863029793894744e+02
 204   362  6.5607899150384426e+01
 205   258  9.0954911737570683e+01
 205   267  1.1405038029037304e+02
 205   340  1.0367719563344420e+02
 205   372  1.0596780185709312e+02
 206   226  8.1544401089226483e+01
 206   341  1.3208458842183700e+02
 206   392  1.1959662297884232e+02
 206   451  5.3394456344622618e+01
 206   470  1.6239717512577704e+02
 207   277  1.3711581500798820e+02
 207   288  1.6032516526759332e+02
 207   308  1.1816917990920506e+02
 208   255  1.3962338314890022e+02
 208   283  1.6527336028264656e+02
 208   286  1.2018234211313053e+02
 208   327  1.2396190818005883e+02
 208   354  1.3116860774686452e+02
 209   231  6.1541023708611121e+01
 209   314  1.5366608240074100e+02
 209   389  7.7613322621112857e+01
 209   395  6.4037359612828851e+01
 209   420  1.3411808586406994e+02
 209   436  1.5867452845958877e+02
 209   476  1.0299083746181016e+02
 209   500  6.5983254652235729e+01
 210   252  8.6970287759268714e+01
 210   256  1.3443910382602016e+02
 210   290  2.8376261088136904e+01
 210   371  1.2644946208381938e+02
 210   377  1.9313178266162598e+01
 210   380  3.3300528451533459e+01
 210   383  1.1683136845878960e+02
 210   483  1.4544194935490739e+02
 211   214  5.0596487097044488e+01
 211   345  1.3180174679820524e+02
 212   237  1.1482292945397265e+02
 212   259  1.4933364185431603e+02
 212   266  7.9723725046915973e+01
 212   331  1.1253854345854198e+02
 212   337  1.4348825892595744e+02
 212   410  1.6550165035805850e+02
 213   295  6.6700026077722015e+01
 213   374  1.3352139413903416e+02
 213   375  3.8953552718871933e+01
 213   455  2.1716986055960056e+01
 213   459  5.4373964615728504e+01
 214   345  1.0434953154541309e+02
 214   437  1.7316615001509882e+02
 215   225  1.5456976380089714e+02
 215   243  1.2541399431008089e+02
 215   307  9.7210671539328416e+01
 215   385  7.1421789246633935e+01
 215   393  1.6066429573585606e+02
 215   470  1.5999630292020146e+02
 216   217  1.1836604730025618e+02
 216   254  1.8056702239862156e+02
 216   358  1.3854071473749477e+02
 216   373  1.8813196825222935e+01
 216   425  8.3804951169155430e+01
 216   467  3.1860951156565051e+01
 216   488  1.5100760478993138e+02
 217   292  4.9477950493011939e+01
 217   331  1.3784010836769539e+02
 217   373  1.0892759701257312e+02
 217   424  8.4717832208634249e+01
 217   467  1.4857522729487036e+02
 218   271  1.3267121855675717e+02
 218   321  5.1095762277251623e+01
 218   357  1.7903483473934418e+01
 218   441  1.6841894440415746e+02
 218   442  1.1640636741726340e+02
 218   461  9.1081541770600694e+01
 219   321  1.2292438398179694e+02
 219   357  1.3969323323149720e+02
 219   441  1.2964987944476107e+02
 219   461  1.0513220759476826e+02
 220   223  8.7723899328749980e+01
 220   239  7.1618145818180906e+01
 220   258  1.3441306031929028e+02
 220   284  1.1744034251374850e+02
 220   316  4.5747618531767969e+01
 220   332  1.0356482390287293e+02
 220   379  1.1488553946441573e+02
 220   463  8.5475166321800899e+01
 221   267  1.4620729282861251e+02
 221   351  1.3807854190223475e+02
 221   382  8.3171376781181991e+01
 221   384  9.8556924719188743e+01
 221   388  1.5990274540362682e+02
 221   450  1.5146535462252848e+02
 221   469  1.3660597484147019e+02
 222   225  6.0265140944543141e+01
 222   386  1.4671489291800069e+02
 222   416  9.2256421219799606e+01
 222   434  1.0864783237078046e+02
 223   258  7.2408299086203598e+01
 223   273  1.2899461608647937e+02
 223   284  9.9908540779882017e+01
 223   316  7.5591390311256816e+01
 223   372  1.4558417329195942e+02
 223   463  1.5366253212150494e+02
 224   235  1.0884697860627159e+02
 224   291  5.5438411039103542e+01
 224   376  1.2975629876305641e+02
 224   464  6.4500514468394712e+01
 225   386  1.6034016375721760e+02
 225   416  1.3098461372751274e+02
 225   434  1.1180590088331353e+02
 225   470  1.6286813495772071e+02
 226   334  1.5037329870015944e+02
 226   341  1.3868358011630073e+02
 226   359  1.9834448753690171e+02
 226   451  1.2978999756021315e+02
 227   240  1.3817011435814004e+02
 227   326  7.9494240547663480e+01
 227   332  1.1511129081095130e+02
 227   413  1.1423949390996144e+02
 227   450  1.2435430669965523e+02
 228   241  5.5129593026098831e+01
 228   265  2.4813918102115633e+01
 228   408  2.1948187026809907e+02
 229   278  1.6499898886102471e+02
 229   378  1.0806049539940972e+02
 229   410  1.6469068224422173e+02
 229   435  5.5577825038628198e+01
 229   441  1.6800011013045420e+02
 229   445  1.7323538793983843e+02
 229   473  1.4542694950603519e+02
 229   485  9.8616069615374272e+01
 229   487  7.9690423687982147e+01
 230   259  1.1082129317090606e+02
 230   346  7.7305783504081560e+01
 230   349  7.3889930750530766e+01
 230   429  1.3145171979761599e+02
 230   454  1.0113200498871088e+02
 230   479  6.6263682816822751e+01
 231   314  1.5930591233693937e+02
 231   389  4.4101930299794482e+01
 231   395  3.5062353282785352e+00
 231   476  4.1451649823431765e+01
 231   500  9.8065794689240889e+01
 232   242  6.5119771057520879e+01
 232   249  5.4208695840327763e+01
 232   351  7.9322539930177726e+01
 232   381  2.3462834442820558e+01
 232   382  9.4700858914856170e+01
 232   384  1.8457679188089307e+02
 232   394  5.3412032040345238e+01
 232   469  1.5826307679838564e+02
 232   499  8.8739261031832044e+01
 233   311  1.1405866209939170e+02
 233   347  1.4969247976129765e+02
 233   428  1.5151959448870485e+02
 233   443  1.3003236779312175e+02
 233   449  1.5606259814612218e+02
 233   481  9.0459352224811070e+01
 234   279  9.3602890450115495e+01
 234   309  3.4144202638105710e+01
 234   311  1.0349532966407970e+02
 234   406  1.0677407553522595e+02
 234   443  8.8026334047085413e+01
 234   462  3.2477473981754201e+01
 234   481  1.3100463842048458e+02
 234   486  4.2287170119806646e+01
 235   266  9.7958970969964881e+01
 235   291  8.1465045405605181e+01
 236   336  1.0869161917588870e+02
 236   369  1.4120530969056375e+02
 236   399  9.5195967589598752e+01
 236   402  5.3929305774646728e+01
 236   475  6.6922169019515721e+01
 237   266  1.4471936555437844e+02
 237   378  1.5700490496486171e+02
 237   410  6.5601922300155181e+01
 237   487  1.5053384365191192e+02
 238   254  1.8584976012892452e+02
 238   366  1.0518253909191542e+02
 238   388  1.0992142585682841e+02
 238   398  2.9580437541324493e+01
 238   418  1.7210298734522958e+01
 238   426  1.4124061983737997e+02
 238   465  6.8410328087040071e+01
 239   316  1.1262845604861486e+02
 239   332  3.8476313672027182e+01
 239   379  8.0551266146062517e+01
 239   413  6.3353549525880567e+01
 239   450  1.1081803251598279e+02
 239   463  1.0250066323667427e+02
 240   312  4.9365712783864467e+01
 240   354  1.2406815504800535e+02
 240   411  1.2522316056243187e+02
 241   265  3.3349409405228648e+01
 241   408  2.0415801333077252e+02
 242   249  6.6793950544986160e+01
 242   351  1.0928739851424228e+02
 242   381  5.8331070560138251e+01
 242   394  1.2299028187508727e+01
 242   471  1.0268072154778899e+02
 242   499  2.5863704813395614e+01
 243   323  9.4895253433733714e+01
 243   385  1.5709549814720734e+02
 243   387  1.5005293909803737e+02
 243   393  6.9511928597806119e+01
 244   304  1.4122922122499145e+02
 244   448  1.0020618736979225e+02
 244   460  3.6788426016657603e+01
 245   251  7.4229477649200959e+01
 245   363  9.6087087023057833e+01
 245   430  1.0978719004777915e+02
 246   272  1.5326037219246169e+02
 246   298  1.5456701895828249e+02
 246   324  2.0706532232735918e+02
 246   405  1.3954190157058358e+02
 247   253  2.0689047932866848e+02
 247   300  9.8105035871582800e+01
 247   401  2.2408848152605199e+02
 247   453  5.2618892624240118e+01
 247   490  1.7943627236214681e+02
 248   290  1.3758691451483139e+02
 248   312  1.4210518005266493e+02
 248   380  1.2502856203366306e+02
 248   383  9.5797166869670377e+01
 248   403  1.2864396614027831e+02
 248   411  1.2743402312791969e+02
 249   338  7.8419759958465548e+01
 249   360  1.7353634208660253e+02
 249   365  1.1573631785133347e+02
 249   381  3.0866810153523357e+01
 249   394  5.6794367122748014e+01
 249   471  1.5893069407488258e+02
 249   499  7.6924434173414141e+01
 250   255  6.3351066747727806e+01
 250   317  1.2944839047177896e+02
 250   422  9.0194492509969507e+01
 250   491  2.0123440002417400e+01
 251   363  1.6267351901207292e+02
 252   273  1.4970225861377648e+02
 252   290  7.9558535378051005e+01
 252   305  5.9437360335243035e+01
 252   377  8.6591974370778075e+01
 252   380  9.7447679807304013e+01
 252   411  1.1011744378749925e+02
 252   431  7.3896312803726403e+01
 253   300  1.4489414962027462e+02
 253   395  2.1925370247945696e+02
 253   401  1.9706513908893700e+02
 253   476  1.8495910093545336e+02
 254   280  1.1113245086349629e+02
 254   335  1.4962247377732996e+02
 254   398  1.6648751993135161e+02
 254   426  1.1310933530203977e+02
 254   467  1.5554522655758413e+02
 255   312  1.3842921140674741e+02
 255   354  1.1822634587374139e+02
 255   491  7.2487603516510745e+01
 256   272  1.1925949694098493e+02
 256   290  1.6218830991604295e+02
 256   371  7.3408325437733438e+01
 256   377  1.1630252720135613e+02
 256   380  1.6623212487822579e+02
 256   405  1.4575119063728025e+02
 256   483  2.3841246761505928e+01
 257   270  8.4616160449042781e+01
 257   286  1.5932114204716700e+02
 257   329  1.4556659558396046e+02
 257   433  8.4405993084025440e+01
 257   439  1.1988361629603175e+02
 257   480  1.0685323706048848e+02
 257   482  1.3914918237286878e+02
 258   316  1.4124480622504234e+02
 258   372  8.6137773548536373e+01
 259   328  1.3542594351929969e+02
 259   337  5.1851117844850357e+01
 259   454  1.1598100960014123e+02
 260   285  1.7068963253483156e+02
 260   313  6.0853818093407256e+01
 260   342  1.4290709889119123e+02
 260   348  9.0734295110232992e+01
 260   368  1.3060357954613551e+02
 260   484  8.6426112444750785e+01
 261   281  1.2376406455242635e+02
 261   301  1.1402264399052540e+02
 261   306  1.1954981115434147e+02
 261   319  1.4146146497851544e+02
 261   361  8.5072744204076386e+01
 261   452  1.0115097295272912e+02
 262   263  5.9065893996335902e+01
 262   370  9.9993789560497390e+01
 262   432  1.7551802318888301e+02
 262   444  8.7626284137523555e+01
 263   297  1.3175714726465685e+02
 263   334  1.4695837055466006e+02
 263   341  9.9147317134704963e+01
 263   432  1.2813158392359813e+02
 264   288  1.4555626371654779e+02
 264   414  6.1063843251363025e+01
 264   493  5.6947146202651858e+01
 265   408  2.0274585412155824e+02
 266   292  1.0654024260823581e+02
 266   331  1.1552395955229309e+02
 267   340  1.1944840147044074e+01
 267   351  6.7814430248922463e+01
 267   379  1.0445370942011718e+02
 267   382  1.1132114551517334e+02
 268   279  9.6661578417456624e+01
 268   355  6.6948844985789691e+01
 268   415  1.1907390408649874e+02
 268   420  1.3817333455240620e+02
 268   477  6.2724745769249530e+01
 268   492  4.2106268377598440e+01
 269   280  1.5829682100987614e+02
 269   335  1.0725777888306594e+02
 269   343  1.9183332182679456e+02
 269   358  1.1707032725361886e+02
 269   423  1.2003842347274669e+02
 269   467  1.6420410558066052e+02
 270   387  1.5388089754539467e+02
 270   433  1.6720849931531043e+02
 270   439  1.1903293258167454e+02
 270   480  1.6991636378751019e+02
 270   482  1.5551595834908352e+02
 271   294  1.8835478492395319e+02
 271   303  1.3703835526386632e+02
 271   319  1.3112383698221811e+02
 271   325  1.0581562752971061e+02
 271   333  1.9595670683975450e+02
 271   390  8.6203943430233323e+01
 271   440  8.5141242794171390e+01
 272   298  1.9583045868135980e+02
 272   371  1.6501453333334004e+02
 272   405  1.5274190123301275e+02
 272   483  1.1353971732257935e+02
 273   284  3.8774256431712111e+01
 273   305  1.4862312407343958e+02
 273   316  1.1060038977593665e+02
 273   463  1.4932611986245078e+02
 274   308  8.1995585996355288e+01
 274   344  1.5286654063876384e+02
 274   406  1.6160085976382635e+02
 274   421  1.4085274317852620e+02
 275   282  1.1014943801810983e+02
 275   344  4.5642221969099410e+01
 275   364  9.2609373024524132e+01
 275   406  1.6407787069226751e+02
 275   421  1.2808950094536425e+02
 276   363  1.5501599983967623e+02
 276   391  5.9496457541407871e+01
 277   285  1.0463762634172420e+02
 277   288  6.7060591345776430e+01
 277   342  1.2424216241767404e+02
 277   348  1.1816467514345752e+02
 277   414  1.5283186679498425e+02
 277   484  1.3203796668512123e+02
 278   410  1.7559559175299623e+02
 278   445  5.5360991829775216e+01
 279   309  8.0029301003876469e+01
 279   311  1.1386608177838276e+02
 279   355  3.2931326527452057e+01
 279   443  9.7489670541452526e+01
 279   462  8.0066466285966754e+01
 279   477  4.0645028547621138e+01
 279   481  1.1798740072787143e+02
 279   492  9.9077456398511615e+01
 280   335  6.2481251727612843e+01
 281   301  6.0770211818276607e+01
 281   303  6.4898903524069979e+01
 281   319  1.0691618857134537e+02
 281   333  1.8131711421427903e+02
 281   361  3.8694083870809948e+01
 281   396  3.2595613898789402e+01
 281   452  7.9205817937756024e+01
 282   344  9.4548147847354500e+01
 282   421  1.0718832462903458e+02
 282   446  2.0053484285988307e+02
 282   458  8.7242994969112516e+01
 283   317  1.4804054307431562e+02
 283   327  5.6183751552837556e+01
 283   339  2.7140634497189499e+01
 283   362  1.3906189889595416e+02
 283   404  5.8199024437570834e+01
 283   429  1.0174897851520156e+02
 284   305  1.3951710083024480e+02
 284   316  7.1827736798462027e+01
 284   463  1.1789752068777919e+02
 285   288  1.1941782179022604e+02
 285   342  3.2357284835913539e+01
 285   348  8.7920009491857982e+01
 285   484  8.4885203483684293e+01
 286   407  1.4172156292812861e+02
 286   412  1.2493754350220630e+02
 286   433  1.0994233365169825e+02
 286   489  1.0647986395146000e+02
 287   330  7.1198867903541412e+01
 287   364  1.0309478053459827e+02
 287   466  1.2454080143959656e+02
 287   478  1.5466008616558852e+02
 288   342  1.4928550227446368e+02
 288   414  8.5822656649282578e+01
 289   324  3.6541389631370457e+01
 289   370  1.1216709056873395e+02
 289   444  7.7836967896195375e+01
 289   456  1.2045573922632389e+02
 290   305  1.1208846824388148e+02
 290   377  4.5920049856623208e+01
 290   380  1.7933188999955672e+01
 290   383  1.1417269625000949e+02
 290   411  1.0590848693974917e+02
 290   431  1.1749371588103337e+02
 291   310  9.4335466794751667e+01
 291   376  1.2990244818684172e+02
 291   464  7.7771944652543709e+01
 292   331  1.0411491695818690e+02
 292   424  8.4131066757342097e+01
 293   315  1.7867973235314506e+02
 293   342  2.2262015231704021e+02
 293   497  1.5017387242902367e+02
 294   303  1.5493408355784325e+02
 294   325  8.3461970616855425e+01
 294   333  4.3074869415593035e+01
 294   396  1.8490122896850613e+02
 294   440  1.0536262842319418e+02
 295   299  1.2975333322421986e+02
 295   347  1.4039579112511660e+02
 295   367  9.6422232651596886e+01
 295   375  2.7746516269215281e+01
 295   428  7.6268699608888028e+01
 295   455  8.5817101379767337e+01
 295   459  1.1534007718092499e+02
 296   338  1.0049651628435525e+02
 296   360  2.8909074313081145e+01
 296   365  4.7819375834414323e+01
 296   369  1.4978390569944642e+02
 297   334  5.6477699117698464e+01
 297   341  9.5581737833727018e+01
 297   432  1.1960922961813797e+02
 298   302  1.0660126436052920e+02
 298   371  1.3607506373816298e+02
 298   405  4.4344082381271512e+01
 298   483  1.6133514744472706e+02
 299   367  9.4584387607300215e+01
 299   428  1.2370290485443144e+02
 299   490  1.0677005651344874e+02
 300   401  1.3178615794393153e+02
 300   453  9.8760726504592881e+01
 301   303  8.5255324550490997e+01
 301   306  1.1359640699618753e+02
 301   319  4.7774109858530416e+01
 301   361  5.7915973124767291e+01
 301   390  1.0390351702227912e+02
 301   396  8.7312297320773737e+01
 301   452  1.2219295340148666e+02
 302   353  1.1508429400296039e+02
 302   371  1.0886523975236889e+02
 302   383  1.4856238748568967e+02
 302   405  1.1949234846233146e+02
 302   447  1.6071009701464141e+02
 302   483  1.6423058236824610e+02
 303   319  1.1144804181700992e+02
 303   325  1.0482377462556016e+02
 303   333  1.3009994894978217e+02
 303   361  1.0079529777844800e+02
 303   396  5.1109561336020079e+01
 303   440  9.6925666912559564e+01
 303   452  1.4033059373594301e+02
 304   402  1.2850737233614365e+02
 304   448  1.3160628398894312e+02
 304   460  1.6393034722221370e+02
 304   475  1.1336132584319022e+02
 305   380  1.2719689423595470e+02
 305   411  7.6021459039030134e+01
 305   431  1.6420318100365016e+01
 305   463  9.6478286222478161e+01
 306   319  9.2504227104026640e+01
 306   320  1.1238782737939970e+02
 306   361  1.4385847653792879e+02
 306   390  1.2694521677107852e+02
 307   318  8.2030622607860252e+01
 307   385  2.5865338064380076e+01
 308   344  1.8844916732691561e+02
 308   421  1.3672325387160080e+02
 309   355  1.0888011588813066e+02
 309   443  1.0975495098851937e+02
 309   462  1.7056054716811355e+00
 309   486  7.2763318098742005e+01
 309   493  1.2465311546295031e+02
 310   320  4.4561905543538465e+01
 310   376  1.1928682434614554e+02
 310   400  9.7583794547078014e+01
 310   419  1.3739028984474078e+02
 310   464  1.1642131847433454e+02
 311   443  1.8006417174336530e+01
 311   477  1.1913678908825713e+02
 311   481  3.3802252270332126e+01
 311   486  1.1106345559783929e+02
 312   354  7.4952960342146469e+01
 313   342  1.4447906163576815e+02
 313   348  7.6153804964950766e+01
 313   350  1.6019209400417199e+02
 313   368  7.8973301660720836e+01
 313   484  8.5341875731281760e+01
 314   352  1.2762844476220023e+02
 314   395  1.5762024568541506e+02
 314   436  6.0753521058559244e+01
 315   472  1.3316454876548946e+02
 315   497  1.8740774469525121e+02
 316   332  1.3849580303569346e+02
 316   463  7.8495859407594182e+01
 317   322  8.2943083028206871e+01
 317   339  1.3848333277851336e+02
 317   346  1.3347214242116723e+02
 317   349  1.3561330797464248e+02
 317   404  9.8115579044340464e+01
 317   422  6.4766710682183074e+01
 317   429  1.2615612474336508e+02
 317   491  1.1127150326743417e+02
 318   385  1.0345505187220326e+02
 318   430  1.5652024041663205e+02
 318   498  1.5030187800014826e+02
 319   361  1.0440940532915626e+02
 319   390  6.0712441421873429e+01
 319   396  1.2940012115378249e+02
 319   452  1.6898458289176293e+02
 320   376  1.3580786174208987e+02
 320   400  1.0357410923982059e+02
 321   357  4.1899679681258313e+01
 321   441  1.7353277785963314e+02
 321   442  1.4055323474732978e+02
 321   461  3.9990056265288963e+01
 322   346  1.4450838691151014e+02
 322   349  1.4060157809827979e+02
 322   366  1.1264945248189568e+02
 322   418  1.9729655835981310e+02
 322   422  9.1721559234793048e+01
 322   465  1.3008008936587453e+02
 323   370  1.5924970268928240e+02
 323   392  1.0576741314568284e+02
 323   393  2.9766959103721504e+01
 323   456  1.6121513271124078e+02
 324   444  9.0641910376535208e+01
 324   456  1.4941684727659509e+02
 325   333  9.2163464907107056e+01
 325   396  1.5092160926056394e+02
 325   440  2.2013737951101888e+01
 326   332  1.2564860823436578e+02
 326   388  1.4318133167260669e+02
 326   413  9.0637167033079805e+01
 326   450  6.6219138180845135e+01
 327   339  8.1815705060067700e+01
 327   362  1.0739147158485144e+02
 327   404  1.1319540812969183e+02
 327   429  1.5651270797716302e+02
 328   337  9.8132976562584460e+01
 328   397  2.0755185097980156e+01
 328   427  4.8373662832566460e+01
 328   454  7.2040744875352459e+01
 328   496  1.6777061014328930e+02
 329   353  8.5122822703334137e+01
 329   387  1.4853500093327560e+02
 329   403  1.3015072277711653e+02
 329   433  1.2831386983440316e+02
 329   439  7.9955836709333596e+01
 329   447  4.9925020233636225e+01
 329   480  6.2469448277217644e+01
 329   482  4.4317360420591740e+01
 330   364  1.0444037792378154e+02
 331   424  8.1675601296153346e+01
 332   379  1.0685346619796613e+02
 332   413  5.1529058945910471e+01
 332   450  1.0101075093707163e+02
 332   463  1.0492689770269732e+02
 333   396  1.5108827223546979e+02
 333   440  1.1103276074713351e+02
 334   341  6.8942979324155530e+01
 334   432  1.7248423469312627e+02
 335   336  1.6648466697416043e+02
 335   423  1.5303842728054835e+02
 336   343  1.5236546637679248e+02
 336   402  1.3601154871768784e+02
 336   423  1.2747731755045508e+02
 337   397  1.1861850421354740e+02
 337   427  1.4605881409709599e+02
 337   454  1.0775124777115242e+02
 338   360  1.2121795928983177e+02
 338   365  6.6005400387567732e+01
 338   369  1.0741907206121464e+02
 338   381  1.0830910255753099e+02
 339   346  1.4432433940783275e+02
 339   404  4.1211089366281556e+01
 339   429  7.4904070346054468e+01
 339   479  1.4555024173681576e+02
 340   351  7.6707787035400969e+01
 340   372  2.0752557010765267e+02
 340   379  1.0010412525099986e+02
 340   382  1.2310319337031756e+02
 341   432  1.7642832579724484e+02
 341   451  1.2490640451917390e+02
 342   348  6.9142679355802983e+01
 342   484  6.0315278396124675e+01
 343   423  7.7813464425556376e+01
 344   364  1.3794658886821279e+02
 344   421  8.2775454082694353e+01
 345   437  6.9886418930992690e+01
 345   457  1.0893522590177382e+02
 345   474  7.3473719503932202e+01
 346   349  1.0187881927480573e+01
 346   404  1.1976618639860980e+02
 346   429  7.1072008616251551e+01
 346   479  1.6171870524676670e+01
 347   417  3.7863745394560269e+01
 347   428  1.0418913180601550e+02
 348   484  1.9093123798240644e+01
 349   404  1.2826300727522175e+02
 349   429  8.1081154535856072e+01
 349   479  2.1763866328152805e+01
 350   368  8.1918762693614340e+01
 351   381  1.0177569318323467e+02
 351   382  6.8199976732483165e+01
 351   394  1.0409569861284777e+02
 352   415  1.2996579540953050e+02
 352   436  6.8145539561688793e+01
 352   472  1.3037199382312082e+02
 353   383  1.0572355399596735e+02
 353   387  1.4128894089856948e+02
 353   439  1.2067145177808523e+02
 353   447  5.2577044766352877e+01
 353   482  8.6229557893703188e+01
 354   403  1.1997270811213592e+02
 355   443  1.2406110380377612e+02
 355   462  1.0920077166259601e+02
 355   477  3.0159488708526951e+01
 355   481  1.3644568484359615e+02
 355   492  7.9669541896989884e+01
 356   438  6.0365798109216641e+01
 356   466  1.6685560249801597e+02
 356   495  3.7180563008102837e+01
 357   441  1.5452064164399408e+02
 357   442  1.0786979086061382e+02
 357   461  8.0617765554014014e+01
 358   373  1.3699828545487912e+02
 358   409  1.1905933233922848e+02
 358   425  7.3950250449192836e+01
 358   467  1.2759125190617377e+02
 358   488  4.9201036393885296e+01
 359   386  9.2971300066888162e+01
 359   416  1.6715018716476820e+02
 359   434  1.2166140787042156e+02
 359   470  1.6704233632621109e+02
 360   365  5.8801724820071207e+01
 360   499  1.7661946517136278e+02
 361   396  6.9819453789944092e+01
 361   452  6.4575229419461351e+01
 362   489  1.2051915906013882e+02
 363   430  4.6613406635966378e+01
 363   498  9.9126649779009696e+01
 365   369  1.4838522833673295e+02
 365   499  1.3202118973310922e+02
 366   388  1.3888237830215559e+02
 366   398  1.1249627486833943e+02
 366   418  9.7676315624423523e+01
 366   422  1.1583543104356474e+02
 366   465  5.9087601917971256e+01
 367   375  1.0832406311556940e+02
 367   490  8.9380783755859014e+01
 369   399  8.2371697500913484e+01
 370   392  1.1880842321365397e+02
 370   444  5.3330454576203678e+01
 370   451  1.3817706694039151e+02
 371   377  1.1531622234085556e+02
 371   380  1.4935091350337305e+02
 371   405  1.0875443316311620e+02
 371   483  5.9123015769113287e+01
 373   425  7.4539725518901079e+01
 373   467  4.8485115556801119e+01
 373   488  1.4328528468239855e+02
 374   455  1.1468305931101239e+02
 374   459  9.8827308399980069e+01
 374   496  4.6594154522478760e+01
 375   428  9.8405929063859347e+01
 375   455  5.8457080565856756e+01
 375   459  8.8971854100816017e+01
 376   419  2.9987263732136601e+01
 376   464  6.5391805923292637e+01
 377   380  5.2612874957673441e+01
 377   383  1.3104454579674155e+02
 377   483  1.2858739584863585e+02
 378   400  9.6637766475259639e+01
 378   435  5.2591366686308852e+01
 378   473  8.6931179309431272e+01
 378   485  8.6089276682046318e+01
 378   487  2.8763559362100743e+01
 379   413  8.3151059580696128e+01
 379   450  9.7115170648340225e+01
 380   383  9.6241017060245809e+01
 380   411  1.1170278405685985e+02
 380   431  1.3123102042286115e+02
 381   382  1.1625948281899646e+02
 381   394  4.6088913398648920e+01
 381   471  1.5988560988987865e+02
 381   499  7.7705436087939603e+01
 382   384  1.1954920588987321e+02
 382   469  1.2269332964239054e+02
 383   447  1.4588064657221059e+02
 384   469  5.4543922920968789e+01
 386   416  7.4193309161591685e+01
 386   434  4.9986617481359424e+01
 387   439  8.3849709561733050e+01
 387   447  1.1036318184543588e+02
 387   456  1.5080343459069138e+02
 387   482  1.0484405194688468e+02
 388   398  1.3947019753239135e+02
 388   418  9.4001225209107034e+01
 388   465  1.4968482162409691e+02
 389   395  4.6549405267706895e+01
 389   420  1.3241098329321241e+02
 389   449  1.4334276920398210e+02
 389   476  5.8501318337278029e+01
 389   500  7.8710985046269229e+01
 390   440  1.4510094998643720e+02
 392   393  1.3553402440765359e+02
 392   451  8.3802427912824072e+01
 392   470  1.6076017020784380e+02
 393   456  1.5074650437545677e+02
 394   471  1.1483801121516437e+02
 394   499  3.5700846331953294e+01
 395   436  1.8489304976335509e+02
 395   476  3.9117916071419380e+01
 395   500  1.0156243868646216e+02
 396   440  1.4612748686850838e+02
 396   452  9.1980112902803043e+01
 397   427  2.9670594862790654e+01
 397   454  8.2481611258289036e+01
 397   496  1.5680481390203860e+02
 398   418  4.5876240820894651e+01
 398   426  1.1203744111365555e+02
 398   465  6.1992257778509334e+01
 400   435  1.3870348477715913e+02
 400   473  6.5468488984041784e+01
 400   485  1.1458311282694059e+02
 400   487  1.2140657945697731e+02
 401   453  2.0313544714857269e+02
 401   457  2.1233612099046832e+02
 402   475  1.5177654242354011e+01
 403   433  1.0168196030438935e+02
 403   480  9.1838919332061892e+01
 404   429  6.1333477986351078e+01
 404   479  1.2509198456299571e+02
 405   483  1.2191356616902263e+02
 406   443  1.3533321969375075e+02
 406   462  1.3625706977308485e+02
 406   486  6.5007008707303257e+01
 407   412  5.2767371120208068e+01
 407   438  1.2942046142207431e+02
 407   489  6.6641843823965516e+01
 409   425  1.7456583070639468e+02
 409   488  1.0665398335327669e+02
 410   435  1.7104687922766729e+02
 410   445  1.3153798020170470e+02
 411   431  6.4318816140249467e+01
 412   468  1.8101679887364560e+02
 412   489  9.6146217592962017e+01
 413   450  5.0086967494545547e+01
 414   493  1.1710255488012703e+02
 415   472  1.4121340567876186e+02
 416   434  7.0028362501773842e+01
 417   428  1.1432701952699436e+02
 417   459  1.2051343308603163e+02
 418   426  1.5789973407164302e+02
 418   465  7.0972246950989600e+01
 419   464  9.4843846424700828e+01
 420   449  2.4942750636035701e+01
 420   492  1.0806304314337407e+02
 420   500  6.8835157658259249e+01
 421   458  1.1383321761864116e+02
 422   491  7.9094194949956602e+01
 425   467  8.9788801727538626e+01
 425   488  6.8897628016226179e+01
 426   465  1.3791193293986922e+02
 427   454  8.9254808949909361e+01
 427   496  1.6191718805196291e+02
 429   479  7.0742398367210541e+01
 430   446  2.0145894293372450e+02
 430   498  8.9795605125748068e+01
 431   463  8.9623541721686152e+01
 433   480  6.6520581930253826e+01
 433   482  1.4819600544087854e+02
 434   470  1.4808450127035479e+02
 435   473  1.0409011920577028e+02
 435   485  7.2557263228790603e+01
 435   487  2.4922233266802568e+01
 437   457  7.5637595103253489e+01
 437   474  6.9774403561375804e+00
 438   468  1.5835762228693460e+02
 438   495  9.7490543365479041e+01
 439   447  6.9112202217767418e+01
 439   480  1.0703043483852298e+02
 439   482  3.9971271414922533e+01
 441   442  7.1957964442689317e+01
 442   485  1.4213929078485643e+02
 443   462  1.0830048562817096e+02
 443   477  1.0656624871828691e+02
 443   481  4.3673587872084909e+01
 443   486  1.0057614613116401e+02
 445   496  1.7025937925789611e+02
 446   458  1.5547621737310851e+02
 446   468  1.2793565990577180e+02
 446   498  1.1167479578934893e+02
 447   480  1.0990720986911398e+02
 447   482  3.3825085583111502e+01
 448   460  1.3685413758833337e+02
 449   492  1.2090638524261574e+02
 449   500  8.9254397877106470e+01
 453   490  1.5842374502408805e+02
 455   459  5.0460196094004132e+01
 455   496  1.6121716057531575e+02
 457   474  8.1427427460639578e+01
 459   496  1.4126949450429066e+02
 462   477  1.1989579944214110e+02
 462   486  7.1320221946312017e+01
 466   478  1.3643670545563504e+02
 466   495  1.3636822033733173e+02
 467   488  1.5021462817943927e+02
 471   499  8.2902117138098149e+01
 472   497  1.6226245485571712e+02
 473   485  5.3565761533419497e+01
 473   487  9.7943646169853380e+01
 476   500  1.3177706862175535e+02
 477   481  1.1139156818071660e+02
 477   492  5.8447967438277409e+01
 480   482  9.0180473726291169e+01
 481   492  1.2842425808148997e+02
 485   487  7.9856657620475119e+01
